150
150
150
150
150
150
150
150
150
150
150
148
144
139
139
136
134
132
131
130
129
128
127
126
126
125
124
124
124
123
123
122
121
121
120
120
120
120
119
119
119
119
120
119
119
118
118
119
118
118
117
118
118
118
119
119
120
119
119
119
120
120
121
120
121
121
122
122
123
123
124
124
125
126
127
128
128
129
130
132
133
134
136
121
95
82
68
54
44
30
27
26
25
24
24
23
21
21
21
21
20
22
23
27
29
33
36
44
51
66
76
76
76
76
75
61
52
44
40
34
32
28
26
22
22
19
19
16
15
16
14
15
13
15
15
17
18
22
24
30
33
26
20
22
28
29
36
40
60
59
62
62
63
63
65
67
69
71
73
77
77
81
83
87
90
95
84
86
83
87
84
86
88
89
99
109
109
109
108
107
108
108
109
109
109
111
112
115
117
120
122
126
129
139
149
150
150
150
150
150
