200
193
190
188
187
184
184
182
175
172
168
166
163
153
149
144
143
140
139
136
133
131
129
128
126
127
125
122
122
122
119
119
119
119
111
108
107
106
105
104
102
103
101
100
99
99
98
98
99
100
101
101
104
105
103
104
107
109
112
114
115
118
123
125
131
135
128
122
120
119
115
113
116
114
108
102
100
96
93
89
86
82
83
83
86
90
87
88
87
86
86
87
87
87
88
86
86
86
87
88
87
88
88
88
89
89
90
90
91
90
93
94
94
94
95
97
97
99
99
100
100
102
104
105
107
110
112
113
116
119
121
124
126
129
131
141
155
160
166
170
175
179
185
190
194
200
200
200
200
200
